image: map1.pgm
resolution: 0.012000
origin: [-9.996000, -20.364000, 0.000000]
negate: 0
occupied_thresh: 0.65
free_thresh: 0.196

